192 (2004)
470 (4137)
350 (3069)
471 (2894)
196 (2096)
593 (2601)
472 (2125)
354 (5835)
871 (2810)
112 (2680)
597 (2883)
598 (3219)
510 (3281)
631 (2793)
752 (2578)
477 (2462)
236 (2618)
874 (2237)
116 (2193)
634 (2492)
998 (2713)
239 (2742)
878 (2047)
758 (2860)
93 (2777)
638 (2288)
914 (4037)
918 (3012)
919 (3710)
12 (3415)
480 (2309)
120 (4973)
362 (4388)
242 (2325)
883 (4902)
487 (3135)
368 (7828)
401 (3667)
489 (3420)
885 (3043)
522 (2725)
886 (3053)
523 (2244)
6 (2149)
766 (6265)
888 (3686)
8 (3090)
921 (2425)
526 (2793)
803 (2237)
529 (7057)
21 (2666)
809 (2163)
27 (2165)
494 (5102)
373 (2007)
132 (2641)
895 (3385)
653 (2634)
411 (2047)
774 (2046)
775 (3771)
413 (2637)
778 (2514)
538 (3982)
419 (5057)
937 (4681)
32 (4248)
38 (2402)
39 (4258)
381 (2959)
140 (2687)
780 (2306)
782 (2767)
661 (2693)
145 (4559)
541 (3735)
387 (2089)
663 (2354)
788 (2386)
789 (4309)
548 (2843)
944 (2794)
825 (3085)
947 (3690)
826 (2022)
829 (6810)
48 (2472)
390 (2685)
392 (2420)
151 (2611)
274 (2628)
793 (3063)
276 (2479)
795 (3361)
674 (2527)
675 (2976)
279 (3014)
676 (2717)
797 (2684)
798 (3103)
832 (2062)
438 (4511)
956 (3626)
54 (2595)
57 (2743)
280 (2108)
161 (2320)
283 (4082)
285 (2600)
682 (4132)
561 (2783)
684 (5408)
960 (2732)
720 (3864)
204 (2174)
722 (5845)
205 (3605)
569 (2835)
844 (2814)
966 (3921)
606 (2668)
69 (2370)
692 (4993)
571 (2902)
175 (2791)
296 (2210)
450 (2082)
177 (4629)
694 (2847)
210 (2009)
970 (2086)
334 (2146)
854 (2847)
579 (2164)
217 (5375)
614 (3134)
70 (2411)
71 (3507)
72 (2852)
617 (2614)
73 (2179)
738 (2129)
75 (3151)
78 (2471)
183 (3883)
460 (4438)
581 (2943)
862 (3649)
620 (2100)
346 (3470)
744 (2177)
349 (2041)
229 (2281)
509 (3044)
