0 (1)
1 (1)
2 (1)
3 (1)
4 (1)
4 373 (572)
4 373 716 (531)
4 716 (576)
5 (1)
6 (1)
6 32 (607)
6 32 472 (545)
6 472 (635)
6 676 (769)
7 (1)
8 (1)
10 (1)
11 (1)
12 (1)
12 120 (503)
12 132 (785)
12 227 (657)
12 227 390 (607)
12 227 390 722 (578)
12 227 722 (609)
12 390 (687)
12 390 722 (629)
12 722 (740)
17 (1)
17 541 (613)
17 956 (607)
18 (1)
21 (1)
21 57 (661)
21 205 (620)
21 362 (523)
21 413 (756)
21 413 793 (700)
21 413 793 857 (664)
21 413 857 (688)
21 793 (765)
21 793 857 (695)
21 857 (729)
21 918 (511)
25 (1)
26 (1)
27 (1)
27 58 (537)
27 354 (529)
28 (1)
31 (1)
32 (1)
32 285 (687)
32 285 947 (609)
32 472 (609)
32 947 (720)
33 (1)
33 217 (852)
33 217 283 (793)
33 217 283 346 (766)
33 217 283 346 515 (732)
33 217 283 515 (755)
33 217 346 (802)
33 217 346 515 (764)
33 217 515 (789)
33 283 (845)
33 283 346 (802)
33 283 346 515 (763)
33 283 515 (786)
33 346 (844)
33 346 515 (797)
33 515 (824)
35 (1)
36 (1)
37 (1)
38 (1)
38 362 (617)
38 918 (506)
39 (1)
39 145 (734)
39 368 (565)
39 419 (511)
39 704 (1107)
39 704 825 (1035)
39 825 (1187)
41 (1)
41 541 (589)
43 (1)
44 (1)
45 (1)
46 (1)
48 (1)
51 (1)
52 (1)
52 598 (539)
53 (1)
54 (1)
54 944 (640)
54 944 998 (578)
54 998 (637)
55 (1)
57 (1)
57 362 (538)
57 368 (568)
57 918 (504)
57 937 (782)
58 (1)
58 354 (643)
66 (1)
68 (1)
69 (1)
69 285 (513)
69 362 (757)
69 871 (515)
70 (1)
70 684 (860)
70 684 765 (695)
70 684 765 819 (630)
70 684 819 (700)
70 765 (789)
70 765 819 (698)
70 819 (798)
71 (1)
71 766 (673)
72 (1)
72 183 (575)
72 541 (846)
72 937 (628)
73 (1)
75 (1)
75 325 (500)
75 438 (772)
75 438 684 (672)
75 684 (797)
75 775 (787)
75 829 (510)
78 (1)
80 (1)
82 (1)
85 (1)
90 (1)
90 120 (523)
90 309 (536)
90 510 (510)
90 620 (550)
90 793 (519)
93 (1)
93 789 (538)
94 (1)
94 428 (508)
95 (1)
96 (1)
97 (1)
100 (1)
100 362 (595)
104 (1)
105 (1)
105 494 (622)
105 494 815 (552)
105 494 815 862 (500)
105 494 815 944 (512)
105 494 862 (549)
105 494 862 944 (507)
105 494 944 (557)
105 815 (616)
105 815 862 (547)
105 815 862 944 (510)
105 815 944 (566)
105 862 (616)
105 862 944 (559)
105 944 (626)
108 (1)
110 (1)
111 (1)
112 (1)
114 (1)
115 (1)
116 (1)
116 673 (577)
117 (1)
118 (1)
120 (1)
120 132 (512)
120 309 (502)
120 510 (542)
120 593 (642)
120 593 862 (572)
120 593 862 895 (562)
120 593 895 (579)
120 620 (511)
120 638 (500)
120 793 (547)
120 829 (575)
120 862 (665)
120 862 895 (571)
120 885 (507)
120 895 (685)
122 (1)
125 (1)
126 (1)
128 (1)
129 (1)
130 (1)
130 274 (544)
132 (1)
132 638 (540)
132 688 (580)
136 (1)
139 (1)
140 (1)
143 (1)
143 460 (555)
143 481 (558)
143 919 (564)
144 (1)
145 (1)
145 419 (631)
147 (1)
151 (1)
154 (1)
154 168 (574)
155 (1)
156 (1)
157 (1)
157 719 (519)
158 (1)
158 354 (644)
158 354 583 (595)
158 354 583 617 (557)
158 354 617 (597)
158 583 (639)
158 583 617 (590)
158 617 (637)
159 (1)
160 (1)
161 (1)
162 (1)
163 (1)
164 (1)
167 (1)
168 (1)
170 (1)
171 (1)
172 (1)
173 (1)
174 (1)
175 (1)
175 766 (552)
175 834 (543)
175 910 (713)
176 (1)
177 (1)
177 775 (510)
177 947 (600)
178 (1)
181 (1)
183 (1)
183 366 (616)
183 541 (529)
183 766 (608)
185 (1)
185 471 (680)
185 471 678 (657)
185 471 678 960 (648)
185 471 960 (656)
185 678 (664)
185 678 960 (652)
185 960 (677)
187 (1)
188 (1)
190 (1)
192 (1)
192 487 (517)
192 487 935 (500)
192 638 (529)
192 638 935 (504)
192 888 (534)
192 888 935 (505)
192 935 (775)
193 (1)
194 (1)
196 (1)
197 (1)
197 878 (544)
198 (1)
201 (1)
203 (1)
204 (1)
205 (1)
205 529 (554)
207 (1)
208 (1)
208 290 (803)
208 290 458 (751)
208 290 458 888 (720)
208 290 458 888 969 (693)
208 290 458 969 (719)
208 290 888 (764)
208 290 888 969 (734)
208 290 969 (764)
208 458 (796)
208 458 888 (757)
208 458 888 969 (725)
208 458 969 (755)
208 888 (829)
208 888 969 (771)
208 969 (806)
210 (1)
210 829 (508)
212 (1)
213 (1)
214 (1)
214 354 (775)
214 956 (577)
215 (1)
216 (1)
217 (1)
217 283 (926)
217 283 346 (827)
217 283 346 515 (773)
217 283 515 (799)
217 346 (1336)
217 346 515 (809)
217 394 (543)
217 487 (546)
217 510 (547)
217 515 (843)
217 546 (599)
217 546 661 (585)
217 546 661 923 (571)
217 546 661 923 947 (559)
217 546 661 947 (572)
217 546 923 (576)
217 546 923 947 (564)
217 546 947 (577)
217 561 (519)
217 661 (693)
217 661 923 (584)
217 661 923 947 (568)
217 661 947 (583)
217 888 (539)
217 923 (625)
217 923 947 (583)
217 947 (716)
220 (1)
224 (1)
226 (1)
227 (1)
227 390 (1049)
227 390 722 (907)
227 722 (995)
229 (1)
229 758 (516)
234 (1)
236 (1)
236 541 (510)
236 829 (566)
236 956 (521)
239 (1)
240 (1)
240 956 (524)
241 (1)
242 (1)
242 392 (524)
242 471 (685)
242 471 758 (607)
242 489 (526)
242 758 (669)
249 (1)
252 (1)
256 (1)
258 (1)
259 (1)
262 (1)
263 (1)
265 (1)
266 (1)
268 (1)
272 (1)
274 (1)
275 (1)
276 (1)
277 (1)
278 (1)
279 (1)
279 489 (547)
279 766 (501)
280 (1)
283 (1)
283 346 (910)
283 346 515 (806)
283 515 (835)
285 (1)
285 871 (523)
285 947 (677)
290 (1)
290 458 (786)
290 458 888 (750)
290 458 888 969 (720)
290 458 969 (748)
290 888 (826)
290 888 969 (765)
290 969 (797)
294 (1)
295 (1)
296 (1)
296 368 (634)
296 368 829 (501)
296 829 (736)
298 (1)
299 (1)
300 (1)
304 (1)
307 (1)
308 (1)
309 (1)
309 620 (501)
309 793 (507)
310 (1)
314 (1)
315 (1)
316 (1)
318 (1)
319 (1)
320 (1)
321 (1)
322 (1)
325 (1)
326 (1)
327 (1)
328 (1)
329 (1)
332 (1)
334 (1)
335 (1)
335 509 (639)
336 (1)
339 (1)
343 (1)
345 (1)
346 (1)
346 515 (849)
346 561 (666)
346 561 888 (605)
346 888 (689)
347 (1)
348 (1)
348 912 (562)
349 (1)
349 634 (512)
349 888 (530)
350 (1)
350 411 (624)
350 411 572 (565)
350 411 572 579 (529)
350 411 572 579 803 (504)
350 411 572 579 842 (503)
350 411 572 803 (535)
350 411 572 803 842 (509)
350 411 572 842 (532)
350 411 579 (562)
350 411 579 803 (535)
350 411 579 803 842 (509)
350 411 579 842 (533)
350 411 803 (573)
350 411 803 842 (541)
350 411 842 (566)
350 572 (613)
350 572 579 (557)
350 572 579 803 (528)
350 572 579 803 842 (503)
350 572 579 842 (528)
350 572 803 (563)
350 572 803 842 (534)
350 572 842 (561)
350 579 (630)
350 579 803 (565)
350 579 803 842 (535)
350 579 842 (562)
350 803 (634)
350 803 842 (570)
350 842 (601)
351 (1)
352 (1)
354 (1)
354 480 (540)
354 583 (660)
354 583 617 (586)
354 617 (680)
354 722 (566)
354 752 (548)
354 956 (586)
355 (1)
357 (1)
361 (1)
362 (1)
362 918 (532)
364 (1)
366 (1)
368 (1)
368 438 (518)
368 460 (502)
368 470 (581)
368 494 (860)
368 494 682 (591)
368 529 (640)
368 653 (548)
368 682 (1193)
368 692 (928)
368 766 (504)
368 829 (1194)
368 937 (701)
369 (1)
373 (1)
373 716 (585)
377 (1)
378 (1)
381 (1)
383 (1)
385 (1)
385 684 (639)
387 (1)
388 (1)
390 (1)
390 722 (1042)
392 (1)
392 461 (502)
392 489 (866)
392 569 (535)
392 801 (664)
392 801 862 (637)
392 862 (881)
394 (1)
395 (1)
401 (1)
401 460 (554)
401 571 (708)
401 758 (604)
403 (1)
403 950 (541)
405 (1)
406 (1)
407 (1)
408 (1)
409 (1)
411 (1)
411 572 (610)
411 572 579 (560)
411 572 579 803 (533)
411 572 579 803 842 (507)
411 572 579 842 (531)
411 572 803 (567)
411 572 803 842 (535)
411 572 842 (561)
411 579 (617)
411 579 803 (573)
411 579 803 842 (542)
411 579 842 (568)
411 803 (826)
411 803 842 (575)
411 842 (603)
412 (1)
413 (1)
413 793 (766)
413 793 857 (691)
413 857 (731)
414 (1)
415 (1)
417 (1)
419 (1)
419 581 (546)
419 665 (533)
419 752 (597)
419 797 (622)
419 854 (519)
421 (1)
422 (1)
423 (1)
424 (1)
427 (1)
428 (1)
429 (1)
430 (1)
432 (1)
436 (1)
438 (1)
438 684 (825)
438 966 (676)
440 (1)
447 (1)
448 (1)
448 538 (723)
448 887 (621)
449 (1)
450 (1)
450 937 (561)
456 (1)
458 (1)
458 888 (796)
458 888 969 (756)
458 969 (788)
460 (1)
460 481 (526)
460 684 (619)
460 919 (591)
460 923 (574)
461 (1)
461 569 (500)
461 862 (514)
464 (1)
467 (1)
468 (1)
469 (1)
470 (1)
470 534 (764)
470 534 995 (667)
470 793 (581)
470 995 (754)
471 (1)
471 663 (633)
471 663 871 (568)
471 678 (810)
471 678 960 (658)
471 758 (694)
471 871 (643)
471 960 (935)
472 (1)
474 (1)
475 (1)
477 (1)
477 766 (525)
478 (1)
480 (1)
481 (1)
481 919 (536)
484 (1)
486 (1)
487 (1)
487 510 (646)
487 638 (523)
487 888 (558)
487 935 (519)
489 (1)
490 (1)
492 (1)
493 (1)
494 (1)
494 541 (694)
494 541 631 (554)
494 541 631 963 (513)
494 541 963 (549)
494 631 (659)
494 631 963 (546)
494 682 (714)
494 815 (625)
494 815 862 (546)
494 815 862 944 (502)
494 815 944 (553)
494 862 (720)
494 862 944 (550)
494 883 (671)
494 893 (572)
494 944 (654)
494 963 (611)
496 (1)
496 626 (761)
499 (1)
500 (1)
504 (1)
505 (1)
507 (1)
509 (1)
509 937 (643)
510 (1)
510 620 (509)
510 793 (535)
511 (1)
512 (1)
513 (1)
515 (1)
516 (1)
516 744 (678)
517 (1)
518 (1)
521 (1)
522 (1)
522 617 (622)
523 (1)
523 998 (561)
525 (1)
526 (1)
527 (1)
528 (1)
529 (1)
529 591 (509)
529 598 (943)
529 598 782 (737)
529 782 (862)
529 829 (584)
530 (1)
533 (1)
534 (1)
534 995 (750)
538 (1)
538 780 (511)
538 878 (767)
540 (1)
541 (1)
541 631 (625)
541 631 963 (540)
541 956 (570)
541 963 (590)
544 (1)
546 (1)
546 661 (610)
546 661 923 (592)
546 661 923 947 (578)
546 661 947 (592)
546 923 (600)
546 923 947 (584)
546 947 (608)
548 (1)
550 (1)
554 (1)
557 (1)
558 (1)
561 (1)
561 888 (678)
563 (1)
565 (1)
567 (1)
568 (1)
569 (1)
569 801 (503)
569 862 (552)
571 (1)
571 623 (783)
571 623 795 (704)
571 623 795 853 (655)
571 623 853 (713)
571 795 (838)
571 795 853 (715)
571 853 (793)
572 (1)
572 579 (601)
572 579 803 (559)
572 579 803 842 (531)
572 579 842 (558)
572 803 (604)
572 803 842 (562)
572 842 (592)
573 (1)
574 (1)
576 (1)
577 (1)
578 (1)
579 (1)
579 803 (619)
579 803 842 (570)
579 842 (600)
580 (1)
580 871 (541)
581 (1)
581 631 (580)
581 966 (624)
583 (1)
583 617 (631)
585 (1)
590 (1)
591 (1)
593 (1)
593 862 (615)
593 862 895 (573)
593 895 (631)
594 (1)
595 (1)
597 (1)
597 766 (569)
597 960 (504)
598 (1)
598 782 (800)
600 (1)
605 (1)
606 (1)
606 975 (682)
608 (1)
611 (1)
614 (1)
616 (1)
617 (1)
617 885 (632)
618 (1)
620 (1)
620 793 (519)
622 (1)
623 (1)
623 795 (805)
623 795 853 (720)
623 853 (791)
624 (1)
626 (1)
628 (1)
629 (1)
630 (1)
631 (1)
631 735 (535)
631 780 (540)
631 963 (591)
632 (1)
633 (1)
634 (1)
638 (1)
638 888 (529)
638 935 (513)
639 (1)
640 (1)
641 (1)
642 (1)
645 (1)
647 (1)
648 (1)
649 (1)
651 (1)
653 (1)
657 (1)
658 (1)
659 (1)
660 (1)
661 (1)
661 923 (623)
661 923 947 (591)
661 947 (637)
663 (1)
663 871 (624)
665 (1)
672 (1)
673 (1)
674 (1)
674 720 (537)
675 (1)
675 701 (540)
675 886 (823)
676 (1)
678 (1)
678 960 (669)
682 (1)
684 (1)
684 765 (812)
684 765 819 (699)
684 766 (613)
684 819 (800)
684 923 (514)
686 (1)
687 (1)
688 (1)
689 (1)
690 (1)
692 (1)
692 746 (578)
692 766 (535)
694 (1)
701 (1)
703 (1)
704 (1)
704 825 (1102)
704 884 (540)
705 (1)
706 (1)
707 (1)
707 867 (504)
708 (1)
708 883 (609)
708 883 978 (542)
708 978 (569)
709 (1)
710 (1)
711 (1)
712 (1)
713 (1)
716 (1)
718 (1)
719 (1)
720 (1)
720 780 (587)
722 (1)
723 (1)
730 (1)
731 (1)
732 (1)
733 (1)
735 (1)
735 780 (527)
736 (1)
738 (1)
740 (1)
742 (1)
744 (1)
745 (1)
746 (1)
746 966 (618)
749 (1)
752 (1)
753 (1)
758 (1)
759 (1)
760 (1)
762 (1)
763 (1)
765 (1)
765 819 (787)
766 (1)
766 960 (621)
769 (1)
771 (1)
774 (1)
774 883 (557)
775 (1)
778 (1)
780 (1)
782 (1)
784 (1)
785 (1)
788 (1)
788 956 (733)
789 (1)
789 829 (1194)
790 (1)
792 (1)
793 (1)
793 857 (734)
793 914 (568)
793 984 (656)
794 (1)
795 (1)
795 853 (806)
797 (1)
798 (1)
798 862 (513)
800 (1)
801 (1)
801 862 (674)
803 (1)
803 842 (607)
804 (1)
805 (1)
809 (1)
810 (1)
812 (1)
814 (1)
814 829 (501)
815 (1)
815 862 (615)
815 862 944 (552)
815 944 (626)
819 (1)
820 (1)
823 (1)
824 (1)
825 (1)
825 879 (537)
826 (1)
828 (1)
829 (1)
830 (1)
831 (1)
832 (1)
833 (1)
834 (1)
835 (1)
837 (1)
838 (1)
839 (1)
841 (1)
842 (1)
843 (1)
844 (1)
845 (1)
846 (1)
851 (1)
852 (1)
853 (1)
853 883 (571)
854 (1)
854 899 (539)
855 (1)
857 (1)
858 (1)
859 (1)
860 (1)
862 (1)
862 895 (635)
862 944 (659)
867 (1)
868 (1)
871 (1)
874 (1)
878 (1)
879 (1)
883 (1)
883 978 (601)
884 (1)
884 937 (594)
885 (1)
886 (1)
887 (1)
888 (1)
888 935 (535)
888 969 (810)
890 (1)
893 (1)
895 (1)
897 (1)
899 (1)
900 (1)
903 (1)
905 (1)
906 (1)
909 (1)
910 (1)
911 (1)
912 (1)
913 (1)
914 (1)
914 984 (546)
918 (1)
919 (1)
921 (1)
922 (1)
923 (1)
923 947 (859)
925 (1)
926 (1)
928 (1)
932 (1)
933 (1)
934 (1)
935 (1)
937 (1)
938 (1)
940 (1)
941 (1)
943 (1)
944 (1)
944 998 (637)
945 (1)
946 (1)
947 (1)
948 (1)
949 (1)
950 (1)
952 (1)
953 (1)
956 (1)
960 (1)
963 (1)
964 (1)
966 (1)
967 (1)
969 (1)
970 (1)
973 (1)
975 (1)
978 (1)
980 (1)
981 (1)
982 (1)
984 (1)
988 (1)
989 (1)
991 (1)
992 (1)
995 (1)
998 (1)
